6.930830303506971291e+01 1.950570203348928500e+00
5.076032587226054460e+01 1.968615715715650527e+00
6.285323760945500027e+01 1.343008070563283418e+00
7.068897251770047774e+01 1.602208201785916941e+00
7.855575649137608707e+01 1.515231745959232823e+00
7.338804260048922856e+01 1.758085121159586706e+00
6.678171330352577684e+01 1.818107581483499935e+00
6.266267150399274044e+01 1.397147379699145819e+00
7.291387445276571100e+01 1.853041933663587715e+00
5.758895821660193093e+01 1.541074791458244775e+00
8.741086188682072589e+01 1.900006149089543461e+00
5.974762642431191750e+01 1.766171119670132406e+00
5.895949664240657029e+01 2.066534724523970024e+00
6.831772071612060415e+01 1.676576044877295502e+00
7.016925230944174530e+01 1.878674928885412099e+00
6.785858880827163375e+01 1.767609856765382403e+00
7.346093988591063351e+01 1.787715112577836107e+00
6.536712696494544161e+01 1.514239640318239433e+00
4.845403792332015769e+01 2.067523467234714918e+00
5.095139199919471196e+01 1.801231087590574598e+00
7.678759427884165234e+01 1.304515789665460446e+00
6.550194957818187902e+01 1.625383646243619751e+00
7.294183813089821911e+01 1.829012036743802305e+00
7.417440889217505173e+01 1.502673709043662154e+00
5.153659799589171087e+01 1.141933865376840274e+00
7.202431747175650401e+01 2.015480250062639644e+00
7.722488692506351526e+01 1.851401880119911691e+00
6.921991992076141287e+01 1.735078977541309575e+00
7.433152623275108795e+01 1.831870970931273712e+00
5.679952287071731121e+01 1.453929162226594851e+00
4.949969219798052933e+01 1.881247437575087389e+00
6.885547540885383455e+01 1.573017299906890765e+00
6.560384734336237500e+01 1.596312342192494294e+00
6.118535364761604001e+01 1.618355254549173505e+00
3.998768593037834762e+01 1.780801619519296830e+00
5.899495542280129712e+01 1.958639246875641948e+00
9.027864304257214201e+01 1.705261409944323736e+00
7.374963700418278734e+01 2.064829262096163465e+00
7.329656023518256802e+01 2.145789349795321321e+00
4.480373990352278213e+01 1.398988639470314377e+00
5.910810464939252284e+01 1.645364113266524209e+00
5.939882929963420111e+01 1.661376053611094195e+00
5.138189669187610775e+01 1.862474848124291427e+00
7.000818885060245123e+01 1.746747115588108246e+00
5.128230006803249807e+01 2.246174564686817199e+00
6.211228034160293987e+01 2.169577416066632569e+00
7.874946499062478722e+01 1.617718696650444654e+00
6.766867866433598522e+01 1.584105663956464349e+00
7.038916643810861729e+01 1.806817406734167797e+00
5.699525996524211990e+01 1.646484170154205895e+00
6.925498307085244676e+01 2.107439054205144213e+00
6.750742970161464029e+01 1.874355656324631081e+00
5.563132610804547795e+01 1.380120220966304156e+00
6.269437740837161499e+01 1.921957966168384768e+00
7.790558098574634016e+01 1.634775372218683742e+00
6.211528049020471087e+01 1.656780145381931080e+00
6.057043128908530605e+01 1.652972071282185373e+00
5.329997014036838721e+01 1.420679490635214037e+00
6.529297048078322518e+01 1.618464444787295342e+00
3.921081308711838176e+01 1.541839594629314192e+00
7.285547213933116950e+01 1.630859614770092669e+00
5.683507559457325442e+01 1.862540613426657110e+00
5.597969415397507476e+01 1.573569676967984776e+00
6.806595565078583832e+01 1.750620647982633615e+00
7.107706593555913344e+01 1.597893888509045901e+00
7.504897940666698730e+01 1.664466695270478080e+00
5.698579572299380658e+01 1.659222122103459984e+00
6.543288085386846831e+01 1.713484701936906163e+00
4.808865783696988672e+01 2.109078716378748553e+00
7.014690314095311408e+01 1.560346619725913264e+00
8.575885336562197381e+01 1.908869356619086632e+00
7.719610459731612195e+01 1.711365885648766128e+00
6.997728697499780992e+01 1.381206111441030338e+00
6.306612372698030811e+01 1.586602768408121644e+00
6.885643100290478458e+01 1.636465278582771798e+00
6.616529774636667582e+01 1.456442393840382987e+00
6.446565885803174467e+01 1.458092352780755219e+00
5.080314466991057998e+01 2.121796211750642591e+00
6.349031616958593105e+01 1.723911969656314325e+00
6.320189575072709687e+01 1.702838265973882326e+00
4.875875986665490558e+01 1.671161025329898520e+00
5.481407554505388191e+01 1.713161230306921023e+00
6.716838657586048100e+01 1.341905545247733089e+00
7.312602310814941120e+01 1.784572705798955994e+00
6.628248823538058332e+01 1.457321839881880354e+00
5.155608202538209639e+01 1.607908725441836495e+00
6.065055871054154579e+01 1.828651795153167781e+00
6.158308850555339831e+01 2.036482299332666113e+00
5.195748136642885839e+01 1.767037990692025495e+00
5.756582511602591268e+01 1.711833796350672232e+00
7.111171307393533425e+01 1.746281803207642369e+00
7.143903327480690280e+01 1.616871142267646055e+00
5.956985884442587320e+01 1.547057255643262019e+00
7.293738156698248076e+01 2.039943284647624644e+00
6.652942040385430289e+01 1.848867302282730218e+00
7.934667547336948701e+01 1.665646482940486228e+00
5.513161764250422436e+01 1.871649144175183022e+00
7.681689851743325903e+01 1.670519391257080599e+00
3.862946704063036663e+01 1.641104966753390126e+00
6.557613932104308674e+01 1.471827408446917396e+00
